%YAML:1.0
ann: !!opencv-matrix
   rows: 42
   cols: 64
   dt: "4f"
   data: [ 41., 20., 190., 40., 18., 12., 51., 56., 20., 31., 154., 23.,
       38., 30., 83., 81., 48., 12., 87., 49., 18., 13., 175., 33., 28.,
       34., 250., 17., 20., 4., 236., 12., 51., 40., 201., 77., 40., 36.,
       238., 32., 20., 38., 73., 25., 12., 18., 220., 16., 26., 20., 63.,
       74., 60., 38., 26., 79., 35., 13., 175., 63., 54., 34., 78., 83.,
       13., 10., 222., 12., 54., 23., 91., 62., 51., 21., 82., 1., 57.,
       21., 103., 69., 51., 40., 208., 7., 61., 15., 215., 67., 42., 13.,
       92., 5., 63., 8., 81., 32., 53., 22., 60., 25., 59., 4., 184.,
       35., 49., 38., 244., 5., 46., 38., 51., 84., 59., 14., 74., 54.,
       22., 40., 38., 59., 48., 30., 67., 64., 47., 37., 53., 73., 45.,
       41., 35., 31., 55., 10., 71., 37., 14., 22., 112., 6., 42., 29.,
       128., 82., 50., 15., 238., 26., 5., 38., 69., 40., 53., 15., 163.,
       36., 6., 10., 59., 49., 52., 28., 212., 44., 42., 36., 71., 56.,
       11., 29., 5., 48., 45., 34., 142., 20., 25., 23., 251., 38., 12.,
       22., 118., 5., 57., 10., 188., 53., 5., 37., 162., 1., 10., 35.,
       141., 70., 21., 25., 249., 57., 39., 38., 243., 11., 55., 14.,
       158., 16., 47., 27., 178., 80., 43., 4., 248., 28., 61., 6., 207.,
       85., 43., 14., 170., 33., 47., 22., 144., 19., 54., 13., 155.,
       42., 34., 21., 122., 31., 9., 12., 239., 86., 52., 11., 81., 80.,
       32., 37., 11., 0., 0., 42., 27., 88., 57., 1., 148., 16., 33.,
       29., 214., 18., 30., 12., 244., 81., 25., 17., 209., 73., 11., 5.,
       161., 10., 31., 11., 108., 57., 53., 40., 144., 71., 33., 12.,
       60., 16., 41., 20., 246., 9., 10., 6., 22., 78., 51., 33., 72.,
       7., 9., 23., 14., 53., 34., 17., 60., 86., 10., 12., 123., 15.,
       0., 34., 199., 53., 58., 33., 240., 83., 29., 23., 28., 5., 6.,
       1., 67., 8., 4., 19., 178., 23., 28., 0., 137., 44., 3., 0., 61.,
       14., 39., 41., 23., 76., 39., 19., 179., 43., 22., 23., 130., 17.,
       60., 5., 72., 19., 21., 1., 158., 73., 16., 32., 113., 3., 18.,
       37., 129., 10., 48., 24., 228., 74., 56., 22., 129., 62., 41.,
       30., 149., 7., 54., 41., 48., 58., 7., 11., 185., 63., 56., 40.,
       102., 82., 24., 39., 197., 13., 43., 1., 55., 71., 40., 27., 111.,
       11., 60., 5., 247., 73., 6., 16., 171., 13., 25., 23., 60., 63.,
       61., 6., 175., 64., 45., 15., 220., 29., 26., 13., 239., 26., 39.,
       18., 233., 5., 44., 35., 32., 37., 51., 1., 187., 81., 62., 15.,
       56., 28., 63., 32., 230., 66., 30., 34., 106., 49., 54., 42., 62.,
       18., 24., 15., 46., 17., 7., 2., 217., 26., 58., 28., 54., 70.,
       30., 17., 12., 18., 17., 18., 121., 37., 40., 1., 108., 32., 42.,
       12., 43., 26., 19., 27., 206., 28., 17., 8., 193., 56., 10., 35.,
       70., 4., 20., 33., 241., 46., 60., 19., 43., 38., 0., 20., 175.,
       6., 21., 35., 16., 75., 34., 30., 49., 31., 18., 40., 73., 65.,
       20., 22., 212., 4., 16., 15., 40., 65., 30., 3., 236., 73., 13.,
       15., 217., 37., 30., 17., 64., 82., 5., 9., 129., 34., 47., 17.,
       149., 39., 54., 27., 134., 38., 46., 27., 241., 72., 29., 30.,
       139., 20., 58., 5., 153., 60., 53., 16., 118., 59., 47., 3., 17.,
       30., 62., 24., 109., 69., 42., 16., 31., 0., 50., 20., 211., 36.,
       8., 39., 200., 62., 16., 34., 79., 85., 38., 24., 80., 23., 21.,
       3., 197., 37., 32., 28., 60., 38., 61., 32., 89., 26., 21., 9.,
       83., 61., 5., 29., 114., 66., 32., 8., 151., 26., 43., 6., 180.,
       28., 32., 20., 80., 68., 44., 7., 4., 55., 49., 25., 1., 63., 4.,
       35., 135., 27., 47., 23., 111., 36., 48., 25., 162., 3., 56., 16.,
       160., 20., 46., 9., 251., 55., 42., 4., 217., 4., 58., 17., 117.,
       88., 32., 11., 158., 87., 18., 34., 54., 19., 56., 0., 181., 30.,
       50., 15., 164., 9., 15., 16., 34., 7., 23., 23., 98., 17., 3.,
       23., 43., 25., 63., 23., 87., 38., 47., 4., 85., 52., 39., 27.,
       167., 24., 49., 10., 100., 44., 11., 16., 183., 0., 38., 3., 94.,
       42., 40., 28., 43., 29., 43., 39., 135., 63., 60., 18., 234., 61.,
       29., 18., 101., 23., 3., 19., 24., 73., 25., 35., 188., 2., 59.,
       34., 27., 41., 59., 17., 146., 71., 32., 5., 150., 39., 34., 18.,
       44., 20., 48., 33., 111., 61., 42., 27., 14., 46., 39., 7., 203.,
       23., 48., 21., 254., 4., 49., 14., 233., 41., 25., 4., 53., 19.,
       25., 21., 161., 28., 5.31899567e+01, 1.20315943e+01, 70., 46.,
       5.37933044e+01, 1.20210629e+01, 70., 46., 54., 12., 74., 45.,
       5.48598633e+01, 1.15450993e+01, 139., 33., 5.59299316e+01,
       1.17725496e+01, 139., 33., 57., 12., 139., 33., 5.70958099e+01,
       1.26298370e+01, 85., 41., 5.91368942e+01, 1.32236347e+01, 101.,
       35., 5.92928696e+01, 1.30225677e+01, 78., 44., 59., 13., 85., 43.,
       26., 25., 64., 43., 36., 26., 30., 29., 36., 26., 24., 26., 36.,
       26., 10., 27., 3.67675095e+01, 2.62642746e+01, 24., 26., 28., 39.,
       85., 60., 2.86633549e+01, 3.88222542e+01, 85., 60., 29., 26., 67.,
       74., 2.81102352e+01, 2.69533710e+01, 75., 87., 22., 18., 104.,
       48., 22., 18., 97., 48., 2.36157799e+01, 1.79153214e+01, 104.,
       48., 54., 11., 125., 35., 9., 25., 3., 54., 9.32678890e+00,
       2.49540730e+01, 0., 53., 55., 14., 161., 31., 55., 11., 151., 27.,
       55., 11., 148., 25., 2.24455605e+01, 2.59903221e+01, 20., 89.,
       2.27276192e+01, 2.57179413e+01, 20., 89., 2.30096779e+01,
       2.54455605e+01, 20., 89., 2.32917366e+01, 2.51731796e+01, 20.,
       89., 2.35737953e+01, 2.49007988e+01, 20., 89., 2.27479572e+01,
       2.46996288e+01, 20., 85., 2.47534256e+01, 1.68909378e+01, 34.,
       85., 2.25707283e+01, 2.61478100e+01, 37., 64., 23., 26., 37., 64.,
       2.24329529e+01, 2.57355804e+01, 34., 65., 34., 2., 21., 45.,
       3.33974113e+01, 1.96523118e+00, 22., 50., 2.24337921e+01,
       2.53314133e+01, 21., 70., 53., 14., 70., 86., 53., 18., 87., 85.,
       5.75306053e+01, 1.29340305e+01, 42., 37., 58., 13., 42., 37., 59.,
       13., 65., 35., 2.56693611e+01, 1.30583010e+01, 2., 55., 26., 13.,
       2., 55., 54., 13., 57., 73., 54., 13., 57., 74., 54., 13., 29.,
       66., 54., 13., 62., 75., 54., 13., 63., 73., 5.45015984e+01,
       1.27332954e+01, 63., 73., 58., 13., 12., 63., 5.83480606e+01,
       1.28869085e+01, 12., 63., 58., 13., 9., 63., 20., 34., 108., 52.,
       15., 28., 197., 73., 36., 28., 76., 69., 30., 35., 106., 58., 51.,
       31., 219., 36., 50., 31., 244., 8., 30., 32., 225., 4.,
       4.21685066e+01, 3.71551752e+00, 64., 20., 47., 13., 70., 51.,
       4.76001320e+01, 1.29369230e+01, 70., 51., 4.76046066e+01,
       1.28933916e+01, 72., 55., 58., 13., 123., 29., 5.67725487e+01,
       1.30700703e+01, 139., 33., 5.78426170e+01, 1.32975206e+01, 139.,
       33., 59., 14., 101., 35., 59., 14., 69., 39., 3.60988922e+01,
       2.76309242e+01, 17., 30., 36., 28., 2., 31., 3.63257675e+01,
       2.80812225e+01, 2., 31., 36., 29., 29., 31., 36., 29., 28., 29.,
       3.74128532e+01, 2.91106243e+01, 30., 30., 21., 18., 18., 38., 27.,
       12., 54., 41., 2.14288998e+01, 1.82439289e+01, 19., 42.,
       2.85318031e+01, 2.74215679e+01, 75., 87., 14., 30., 150., 78.,
       22., 19., 96., 50., 4.93357658e+01, 1.22089825e+01, 111., 22.,
       5.09171143e+01, 1.16689291e+01, 143., 28., 8.62584591e+00,
       2.37076797e+01, 2., 52., 9., 24., 4., 53., 53., 12., 129., 29.,
       5.34846954e+01, 1.17065973e+01, 148., 25., 2.24358826e+01,
       2.65447617e+01, 20., 89., 2.27179413e+01, 2.62723808e+01, 20.,
       89., 23., 26., 20., 89., 1.62359943e+01, 3.12714806e+01, 10., 86.,
       2.32864113e+01, 3.07421150e+01, 18., 87., 2.35728226e+01,
       3.04842300e+01, 18., 87., 2.38592339e+01, 3.02263451e+01, 18.,
       87., 2.50378036e+01, 1.72298470e+01, 34., 85., 2.53767128e+01,
